0.000313753020454565
0.000313753020454565
0.000197164917215331
0.000207361993542745
0.00026488789567887
0.00026488789567887
0.000197164917215331
0.000313753020454565
0.00026488789567887
0.000313753020454565
0.00026488789567887
0.000506571253150555
0.000313753020454565
0.000313753020454565
0.000274324410401249
0.000506571253150554
0.000506571253150554
0.000197164917215331
0.000197164917215331
0.00026488789567887
0.000197164917215331
0.000197164917215331
0.000197164917215331
0.000197164917215331
0.000313753020454565
0.00048501794415133
0.000197164917215331
0.000506571253150554
0.000506571253150554
0.000506571253150554
0.00026488789567887
0.0002348927201345
0.00048501794415133
0.000313753020454565
0.000197164917215331
0.00026488789567887
0.000197164917215331
0.000506571253150554
0.00026488789567887
0.00064121471973073
0.000197164917215331
0.000202316483449367
0.000211764650426472
0.000202316483449367
0.000520619076119637
0.000197164917215331
0.000197164917215331
0.00026488789567887
0.000197164917215331
0.000506571253150554
0.000313753020454565
0.00048501794415133
0.000232580868220487
0.000313753020454565
0.000574668284732244
0.000232580868220487
0.000232580868220487
0.000202316483449367
0.000313753020454565
0.000344870233118419
0.000574668284732244
0.000574668284732244
0.00026488789567887
0.00048501794415133
0.00048501794415133
0.000211764650426472
0.00048501794415133
0.000232580868220487
0.00048501794415133
0.00048501794415133
0.00048501794415133
0.00048501794415133
0.00026488789567887
0.00026488789567887
0.000344870233118419
0.000313753020454565
0.000313753020454565
0.000574668284732244
0.000574668284732244
0.000387283322998584
0.000574668284732244
0.000313753020454565
0.00048501794415133
0.000232580868220487
0.000781997865614033
0.000506571253150554
0.000450990199215398
0.000224673795531712
0.000520619076119637
0.000496325102202927
0.000353528466701251
0.00116973875721456
0.000438159123452283
0.000353528466701251
0.000271503082895489
0.000438159123452283
0.000353528466701251
0.000400826387247622
0.000209316877961017
0.000193700952509066
0.000238141735559219
0.000353528466701251
0.000400826387247622
0.000400826387247622
0.000207433508217552
0.000207433508217552
0.000209316877961017
0.000207433508217552
0.000207433508217552
0.000400826387247622
0.00151235164716069
0.00104190712713967
0.000207433508217552
0.00151235164716069
0.00104190712713967
0.000207433508217552
0.000207433508217552
0.000207433508217552
0.000207433508217552
0.0013277489211027
0.000207433508217552
0.000207433508217552
0.000207433508217552
0.000243335514037152
0.000207433508217552
0.000523942053363058
0.000207433508217552
0.000207433508217552
0.000194578686706663
0.000207433508217552
0.000207433508217552
0.000207433508217552
0.000207433508217552
0.000207433508217552
0.000207433508217552
0.000207433508217552
0.000438159123452283
0.000207433508217552
0.000207433508217552
0.000207433508217552
0.000207433508217552
0.000207433508217552
0.000292273817495163
0.000292273817495163
0.000353528466701251
0.00066536494388447
0.00104190712713967
0.000400826387247622
0.000400826387247622
0.000292273817495163
0.00104190712713967
0.000400826387247622
0.00116973875721456
0.000400826387247622
0.000400826387247622
0.000387283322998584
0.00026488789567887
0.000353408719980441
0
1.49552358631854e-05
0.000280149765623189
0.000353528466701251
0.000440919038981831
0.000440919038981831
0.000440919038981831
0.000292273817495163
0.00104190712713967
0.000292273817495163
0.000400826387247622
0.000292273817495163
0.000292273817495163
0.000193700952509066
0.00200328630189975
0.000400826387247622
0.0013277489211027
0.00151235164716069
0.000292273817495163
0.000271503082895489
0.00151235164716069
0.00200328630189975
0.000438159123452283
0.00104190712713967
0.00132774892110269
0.000400699274461572
0
2.67146232866202e-05
0.000353528466701251
0.000353528466701251
0.000353528466701251
0.00151235164716069
0.00104190712713967
0.00151235164716069
0.00151235164716069
0.000353528466701251
0.0013277489211027
0.000292273817495163
0.00151235164716069
0.00151235164716069
0.000209384235484389
0.00200328630189975
0.000353528466701251
0.000292273817495163
0.00104190712713967
0.000209316877961017
0.000209316877961017
0.000353528466701251
0.000209316877961017
0.000200530071787281
0.000400826387247622
0.000438159123452283
0.000200530071787281
0.000209316877961017
0.000209316877961017
0.000224638216801555
0.000412892969237183
0.000204157467995676
0.000353528466701251
0.000204157467995676
0.000400826387247622
0.000247394351055102
0.000224638216801555
0.000353528466701251
0.000438159123452283
0.000311219026868591
0.000311219026868591
0.000191031875768852
0.000202316483449367
0.000247394351055102
0.000221112081768007
0.000506571253150554
0.000202316483449367
0.000438159123452283
0.000221112081768007
0.0313573255390422
0.000211764650426472
0.000239435721008089
0.000211764650426472
0.000487603161147515
0.000211764650426472
0.000247434108849108
0.000264887895678871
0.000222809601544239
0.000376795642007157
0.00019881919572197
0.000264887895678871
0.00019881919572197
0.000238141735559219
0.00019881919572197
0.00019881919572197
0.00019881919572197
0.00019881919572197
0.00019881919572197
0.00019881919572197
0.00019881919572197
0.00028187365010709
0.00028187365010709
0.00019881919572197
0.000264887895678871
0.000506571253150554
0.000238141735559219
0.00019881919572197
0.00913851393952926
0.00019881919572197
0.00019881919572197
0.00019881919572197
0.00019881919572197
0.00019881919572197
0.00019881919572197
0.00019881919572197
0.000264887895678871
0.00019881919572197
0.00019881919572197
0.000238141735559219
0.000238141735559219
0.00019881919572197
0.000238141735559219
0.00019881919572197
0.000238141735559219
0.00019881919572197
0.000264887895678871
0.00019881919572197
0.00028187365010709
0.00019881919572197
0.00019881919572197
0.000238141735559219
0.000264887895678871
0.00019881919572197
0.00028187365010709
0.000520619076119637
0.000194905488968627
0.00019881919572197
0.000506571253150554
0.00019881919572197
0.000387283322998584
0.000264887895678871
0.000506571253150554
0.00019881919572197
0.000264887895678871
0.000238141735559219
0.000264887895678871
0.000387283322998584
0.000197234332978654
0.000194578686706663
0.000264887895678871
0.000264887895678871
0.000387283322998584
0.000264887895678871
0.000264887895678871
0.000194578686706663
0.000194578686706663
0.000264887895678871
0.000264887895678871
0.000194578686706663
0.000194578686706663
0.000197234332978654
0.000194578686706663
0.000264887895678871
0.000194578686706663
0.000197234332978654
0.000197234332978654
0.000197234332978654
0.000194578686706663
0.000197234332978654
0.000194578686706663
0.000197234332978654
0.000387283322998584
0.000194578686706663
0.000194578686706663
0.000197234332978654
0.000264887895678871
0.000197234332978654
0.000197234332978654
0.000194578686706663
0.000197234332978654
0.000194578686706663
0.000194578686706663
0.000200794173019629
0.00043930018283766
0.000264887895678871
0.00028187365010709
0.000264887895678871
0.000194578686706663
0.000264887895678871
0.000264887895678871
0.000194578686706663
0.000197234332978654
0.000216256614231204
0.000197234332978654
0.000192414222764995
0.000197234332978654
0.000256220469153048
0.000197234332978654
0.000197234332978654
0.000197234332978654
0.000520619076119637
0.000194578686706663
0.000194578686706663
0.000194578686706663
0.000216256614231204
0.000216256614231204
0.000387283322998584
0.000194578686706663
0.00028187365010709
0.000194578686706663
0.000216256614231204
0.000194578686706663
0.00028187365010709
0.000194578686706663
0.000194578686706663
0.000280149765623189
0.000194578686706663
0.000194578686706663
0.000194578686706663
0.000216256614231204
0.000194578686706663
0.000194578686706663
0.000313753020454565
0.00028187365010709
0.000194578686706663
0.00028187365010709
0.000194578686706663
0.000194578686706663
0.000200794173019629
0.000194578686706663
0.000192254737390391
0.000216256614231204
0.000194578686706663
0.000194578686706663
0.000216256614231204
0.000216256614231204
0.000194578686706663
0.000216256614231204
0.000194578686706663
0.000216256614231204
0.000216256614231204
0.000194578686706663
0.000264887895678871
0.000216256614231204
0.000194578686706663
0.000194578686706663
0.000194578686706663
0.000506571253150554
0.000194578686706663
0.00028187365010709
0.000216256614231204
0.000387283322998584
0.000280149765623189
0.000194578686706663
0.000216256614231204
0.000194578686706663
0.00021681831572371
0.000216256614231204
0.000194578686706663
0.00028187365010709
0.00028187365010709
0.000337646768607987
0.00028187365010709
0.00028187365010709
0.00028187365010709
0.000506571253150554
0.00028187365010709
0.000257543280253708
0.00466679991986352
0.000336653789835901
0.000218189840305672
0.000244575032501686
0.000244575032501686
0.000195537244576221
0.000195537244576221
0.00028187365010709
0.000244575032501686
0.000244575032501686
0.000201226102505647
0.000343118491480055
0.00021507205206868
0.000244575032501686
0.000244575032501686
0.00104190712713967
0.000195537244576221
0.000194578686706663
0.00104190712713967
0.000244575032501686
0.000216256614231204
0.000195537244576221
0.000195537244576221
0.000244575032501686
0.000195537244576221
0.000195537244576221
0.000194578686706663
0.000195537244576221
0.000244575032501686
0.000194578686706663
0.000244575032501686
0.000195537244576221
0.000275549931122469
0.000194578686706663
0.000195537244576221
0.0013277489211027
0.000264887895678871
0.00104190712713967
0.00104190712713967
0.000195537244576221
0.00104190712713967
0.00104190712713967
0.000244575032501686
0.00104190712713967
0.000264887895678871
0.000244575032501686
0.000244575032501686
0.00104190712713967
0.000194523024247455
0.00104190712713967
0.00104190712713967
0.000265858111444651
0.00028187365010709
0.00104190712713967
0.000265858111444651
0.000195537244576221
0.000265858111444651
0.00104190712713967
0.00104190712713967
0.000195537244576221
0.000265858111444651
0.000194578686706663
0.000265858111444651
0.000265858111444651
0.000280149765623189
0.000195537244576221
0.000244575032501686
0.00104190712713967
0.000244575032501686
0.000195537244576221
0.000244575032501686
0.000520619076119637
0.000194578686706663
0.000359231752818985
0.000520619076119637
0.000194578686706663
0.000194578686706663
0.000194578686706663
0.000244575032501686
0.00104190712713967
0.000244575032501686
0.000280149765623189
0.000201231277081117
0.000216256614231204
0.0013277489211027
0.000192803305309118
0.000216256614231204
0.000216256614231204
0.00104190712713967
0.000192803305309118
0.000192803305309118
0.000216256614231204
0.000192803305309118
0.00104190712713967
0.000192803305309118
0.00104190712713967
0.000322077958279491
0.000192803305309118
0.000227573973734927
0.000216256614231204
0.000192803305309118
0.000506571253150554
0.00104190712713967
0.000195555087212831
0.000496325102202927
0.000216256614231204
0.000216256614231204
0.000224022730997412
0.000207361993542745
0.000195555087212831
0.000216256614231204
0.000192803305309118
0.000195555087212831
0.000195555087212831
0.000216256614231204
0.000506571253150554
0.000192803305309118
0.000192803305309118
0.0013277489211027
0.00028187365010709
0.000195555087212831
0.00104190712713967
0.000216256614231204
0.000195555087212831
0.000192803305309118
0.000450613725673915
0.000216256614231204
0.00073744692827601
0.00020903883424149
0.000263793603775359
0.000216256614231204
0.000541657600386398
0.000192461568408337
0.00104190712713967
0.000967370951348717
0.000450613725673915
0.000506571253150554
0.000216256614231204
0.00028187365010709
0.000242900148154558
0.000383807590632538
0.000263793603775359
0.000263793603775359
0.000216256614231204
0.000520619076119637
0.000216256614231204
0.000216256614231204
0.000216256614231204
0.000216256614231204
0.000216256614231204
0.000216256614231204
0.000242900148154558
0.000263793603775359
0.000216256614231204
0.000216256614231204
0.000216256614231204
0.000216256614231204
0.000263793603775359
0.000216256614231204
0.000216256614231204
0.000216256614231204
0.000216256614231204
0.000216256614231204
0.000263793603775359
0.000216256614231204
0.000216256614231204
0.000216256614231204
0.000223961070122976
0.000361628267490079
0.000204815879494076
0.000506571253150554
0.000216256614231204
0.000216256614231204
0.000216256614231204
0.000214711634450064
0.000216256614231204
0.000255497129221006
0.000216256614231204
0.000199521499795675
0.000199521499795675
0.000199521499795675
0.000211764650426472
0.000199521499795675
0.000199521499795675
0.000199521499795675
0.000209432028219459
0.000199521499795675
0.000216256614231204
0.000199521499795675
0.000199521499795675
0.000199521499795675
0.000199521499795675
0.000210634828596568
0.000216256614231204
0.000216256614231204
0.000193477166457489
0.000216256614231204
0.000234387303297187
0.000216256614231204
0.000216256614231204
0.000264887895678871
0.000216256614231204
0.000216256614231204
0.000216256614231204
0.00021999012167861
0.000216256614231204
0.000216256614231204
0.000216256614231204
0.000216256614231204
0.000216256614231204
0.000387283322998584
0.000216256614231204
0.000216256614231204
0.00021999012167861
0.000216256614231204
0.000216256614231204
0.000216256614231204
0.000216256614231204
0.000216256614231204
0.000216256614231204
0.000216256614231204
0.000216256614231204
0.000216256614231204
0.000216256614231204
0.000193477166457489
0.000193477166457489
0.000216256614231204
0.000216256614231204
0.000216256614231204
0.000200794173019629
0.000216256614231204
0.00021999012167861
0.00021999012167861
0.00021999012167861
0.000496325102202927
0.000200794173019629
0.000506571253150554
0.000234387303297187
0.00021999012167861
0.000234387303297187
0.000315430538413718
0.000200794173019629
0.000200794173019629
0.000200794173019629
0.00021999012167861
0.000264887895678871
0.000234387303297187
0.000234387303297187
0.000200794173019629
0.000200794173019629
0.000200794173019629
0.000264887895678871
0.000200794173019629
0.000200794173019629
0.000200794173019629
0.000234387303297187
0.000200794173019629
0.000200794173019629
0.000200794173019629
0.00028187365010709
0.000200794173019629
0.000200794173019629
0.000200794173019629
0.000200794173019629
0.000200794173019629
0.000202316483449367
0.000200794173019629
0.000366765186108506
0.000366765186108506
0.000366765186108506
0.000366765186108506
0.000366765186108506
0.000366765186108506
0.000366765186108506
0.000200794173019629
0.000366765186108506
0.000366765186108506
0.000277746311844654
0.000486295624471315
0.000366765186108506
0.000366765186108506
0.000217433048298865
0.000366765186108506
0.000366765186108506
0.000200794173019629
0.000366765186108506
0.000366765186108506
0.000366765186108506
0.000366765186108506
0.000366765186108506
0.000366765186108506
0.000366765186108506
0.000195775270013655
0.000366765186108506
0.000366765186108506
0.00035807140638881
0.000216256614231204
0.00035807140638881
0.000216256614231204
0.00035807140638881
0.00035807140638881
0.000366765186108506
0.000366765186108506
0.000366765186108506
0.000366765186108506
0.000366765186108506
0.000366765186108506
0.000366765186108506
0.000366765186108506
0.000366765186108506
0.000366765186108506
0.000216256614231204
0.00262648341089559
0.00101466311383035
0.00112385588468347
0.000845292438439132
0.000387283322998584
0.000493697950356715
0.000195775270013655
0.000195775270013655
0.000195775270013655
0.000195775270013655
0.00021999012167861
0.000195775270013655
0.00021999012167861
0.000566965861656246
0.000195775270013655
0.000195775270013655
0.00021999012167861
0.000223961070122976
0.000195775270013655
0.000195775270013655
0.000195775270013655
0.000195775270013655
0.000223961070122976
0.000195775270013655
0.000387283322998584
0.000195775270013655
0.000195775270013655
0.000223961070122976
0.000223961070122976
0.00021999012167861
0.000195775270013655
0.000223961070122976
0.000240576365895983
0.00021999012167861
0.00021999012167861
0.000520619076119637
0.000223961070122976
0.000195775270013655
0.000195775270013655
0.000496325102202927
0.000195775270013655
0.000195775270013655
0.000195775270013655
0.000195775270013655
0.000195775270013655
0.000223961070122976
0.000195775270013655
