0.000102191991212937
0.000102191991212937
0.000171100844622024
0.00027813971005575
0.000171100844622024
0.000102191991212937
0.000126590656629321
0.000171100844622024
0.000117406695147188
9.70516097406076e-05
0.000102191991212937
0.000117406695147188
9.69751414163543e-05
0.000117406695147188
0.000151782007090866
0.000168987043017854
0.000117406695147188
0.000117406695147188
9.86921464687346e-05
9.86921464687346e-05
0.000117406695147188
0.000117406695147188
0.000115425096097993
0.000117406695147188
0.000188827274250834
0.000117406695147188
0.000117406695147188
0.000117406695147188
0.000117406695147188
0.000164979604528828
0.000117406695147188
0.000117406695147188
0.000102191991212937
0.000123424765185408
0.000117406695147188
0.000102191991212937
0.000102191991212937
0.000118893628685108
0.000174963576774277
9.7312762524194e-05
0.00010563324160654
0.000102191991212937
0.000102191991212937
0.000108195097423241
0.000107922415794919
0.000196913889281403
0.000120116192688173
0.000120116192688173
0.000120116192688173
9.61341921603337e-05
0.000102191991212937
0.00011652503286286
0.000120116192688173
0.000902471431336304
9.87150355333351e-05
0.000196913889281403
0.000144179946211535
0.000120116192688173
0.000120116192688173
9.61341921603337e-05
0.000120116192688173
0.000213681986021492
0.00010563324160654
0.00010563324160654
0.000120116192688173
0.000120116192688173
9.91267792919944e-05
9.91267792919944e-05
9.91267792919944e-05
9.8751796562938e-05
0.000124584635406127
9.8751796562938e-05
9.8751796562938e-05
9.8751796562938e-05
9.8751796562938e-05
9.8751796562938e-05
0.000128891092028651
0.000103074278976897
0.000104519232389949
0.000109159659392108
9.8751796562938e-05
9.8751796562938e-05
9.8751796562938e-05
9.8751796562938e-05
9.8751796562938e-05
9.8751796562938e-05
9.8751796562938e-05
9.8751796562938e-05
0.000105333517457033
9.8751796562938e-05
9.8751796562938e-05
9.8751796562938e-05
9.8751796562938e-05
9.93685314034084e-05
9.8751796562938e-05
9.8751796562938e-05
0.00117829127390615
9.8751796562938e-05
9.8751796562938e-05
9.8751796562938e-05
9.8751796562938e-05
9.8751796562938e-05
9.8751796562938e-05
9.70713957404292e-05
9.61772091720594e-05
9.61772091720594e-05
0.000902471431336304
9.90439037468322e-05
0.00010446603520719
0.000121264011540597
0.000199856319679494
0.000121264011540597
0.000317953727142931
0.000317953727142931
0.000116405341845625
0.000101856378645475
0.000112092077015928
0.000142338417536162
0.000142338417536162
0.000151782007090866
0.000101416094440711
0.00027813971005575
9.89605179138015e-05
0.000446970106824831
0.000148710254341178
0.000102127496460913
0.000142338417536162
9.63389505353828e-05
9.86798988626782e-05
0.00013802307038939
0.000108799665987841
0.000105471972265268
9.63389505353828e-05
9.63389505353828e-05
0.000142338417536162
9.78733382094064e-05
0.000137978593694313
0.000104519232389949
9.58864423132878e-05
0.000153741825547836
9.73936816083857e-05
0.000101020966199769
0.000105471972265268
9.59074579263117e-05
9.58864423132878e-05
9.98597713506567e-05
0.000153741825547836
9.89605179138015e-05
9.63389505353828e-05
9.74161162698619e-05
0.000110910905189179
0.000599319862506007
9.59074579263117e-05
0.000105471972265268
9.63389505353828e-05
0.000153741825547836
0.000119700508297025
0.000103074278976897
9.59074579263117e-05
9.63389505353828e-05
9.59629298231924e-05
0.00013001106586519
9.9237607193163e-05
0.000168987043017854
0.000501534964929134
0.000133317655043365
0.000133317655043365
0.000133317655043365
0.000133317655043365
0.00010563324160654
0.000446970106824831
0.000168987043017854
0.000177504884959853
0.000177504884959853
0.000177504884959853
0.000133317655043365
0.00010563324160654
9.7312762524194e-05
0.000123246361516764
0.000119700508297025
9.7312762524194e-05
0.000148829115183912
0.000160543041347974
9.73936816083857e-05
0.000148829115183912
0.000181586728085091
0.000108799665987841
9.5624903051512e-05
0.000123246361516764
0.00011619391290799
0.000215063116907865
0.000123246361516764
0.000160543041347974
0.000148829115183912
0.000148829115183912
0.000181586728085091
0.000123246361516764
0.000852167563771037
0.000446970106824831
0.000181586728085091
0.000104519232389949
9.74161162698619e-05
0.000123246361516764
0.000156935171915985
9.77702117694402e-05
0.00160275157507012
0.00011619391290799
0.000123246361516764
0.000101968492330407
9.73936816083857e-05
0.000181586728085091
0.000104631498516908
9.60269056583732e-05
0.000123246361516764
9.59074579263117e-05
0.000102245794484265
0.000181586728085091
0.000181586728085091
0.000123246361516764
0.000148829115183912
0.000102245794484265
0.000160543041347974
0.000109933048048808
0.000152800084908551
0.000136496784554975
0.000118422356174696
0.000136496784554975
0.000136496784554975
9.73936816083857e-05
0.000120828307827603
9.92761889776768e-05
0.000230237743576817
9.60269056583732e-05
0.000139745767451482
0.000230237743576817
0.000101132342043606
0.000102491446052325
0.000123493805160635
0.000102491446052325
0.000102491446052325
0.000102491446052325
0.000102491446052325
0.000123493805160635
0.000230237743576817
0.000102491446052325
0.000131263270160106
0.000102491446052325
0.000102491446052325
0.000102491446052325
9.74161162698619e-05
0.000102491446052325
0.000136198577915645
0.000102491446052325
0.000123493805160635
0.000119700508297025
0.000102491446052325
0.000100633462082848
0.000102491446052325
0.000136198577915645
0.000101669151450117
9.69751414163543e-05
0.000230237743576817
0.000101669151450117
0.000116586391820715
0.000228737227655723
0.000216210831854942
9.58864423132878e-05
9.73936816083857e-05
0.000216210831854942
0.000902471431336304
9.76515894476886e-05
0.000216210831854942
0.000108799665987841
0.000116586391820715
0.00018316693744186
0.000902471431336304
0.000206729760650495
9.55708395781055e-05
0.000116586391820715
0.000116586391820715
0.000112092077015928
0.000216210831854942
0.000216210831854942
0.000216210831854942
0.000116586391820715
0.00775454392233655
0.0103877093519508
9.74161162698619e-05
0.000112960893597677
0.000216210831854942
0.000216210831854942
0.000164979604528828
0.000213681986021492
0.000116586391820715
0.000106358867179081
0.000299179615001323
0.000127986001444881
0.000147620757058164
9.5624903051512e-05
0.000170572928593198
0.000143902808412055
0.000216210831854942
0.000116586391820715
0.000216210831854942
0.000216210831854942
0.000147620757058164
0.000299179615001323
0.000213681986021492
0.000216210831854942
9.98213522938173e-05
0.000103748964806224
9.74161162698619e-05
0.00010414404597249
0.000163177090393893
0.000170572928593198
0.000163177090393893
0.00010414404597249
0.00010563324160654
0.000163177090393893
0.000163177090393893
0.000163177090393893
0.000163177090393893
0.000116586391820715
0.000108799665987841
0.000100280429974215
0.00775454392233655
0.000100887744920514
9.70301630418747e-05
0.000170572928593198
0.00010414404597249
0.000170572928593198
0.000121009218381267
0.000178336262492818
0.000134496353555465
0.000343309186727503
0.000175204957739794
0.000446970106824831
0.000163177090393893
0.000902471431336304
0.000902471431336304
9.58864423132878e-05
0.000122694019719826
0.000170572928593198
0.000104631498516908
0.00014618217476831
0.000299179615001323
0.000902471431336304
0.00014618217476831
0.000105850257633
0.00014618217476831
0.000159437133575112
0.000159437133575112
0.000159437133575112
0.000159450862844492
0.000118386122720684
0.000902471431336304
0.000159437133575112
0.000902471431336304
0.0103877093519508
0.00014618217476831
0.00012821787686825
0.000104519232389949
0.00012821787686825
0.000101748791390896
9.69834850454282e-05
0.000902471431336304
0.000104519232389949
0.000118386122720684
0.000148710254341178
0.00014618217476831
0.000168987043017854
9.61341921603337e-05
0.000132867190281423
0.000125598179205187
0.00014618217476831
0.000118386122720684
0.000212335473594732
0.000118386122720684
0.00010563324160654
0.000118386122720684
0.000119700508297025
0.000100327723630035
0.000129780602315467
0.000100280429974215
0.000536424773230461
0.000902471431336304
9.59160889428543e-05
9.59629298231924e-05
0.000117194478960292
0.000536424773230461
0.000117194478960292
9.80751072002909e-05
0.000117194478960292
0.000143902808412055
9.60269056583732e-05
0.000168987043017854
0.00175650820867345
0.000105333517457033
0.00119857778860455
0.00119857778860455
0.00119857778860455
0.000103832760188171
9.61341921603337e-05
0.000139380264830237
0.000109933048048808
0.000104569918296335
0.00119857778860455
0.00012375934476063
0.000167123375112608
0.00119857778860455
0.000153008361458888
0.00775454392233655
0.00119857778860455
0.00119857778860455
0.00119857778860455
0.000116100500945346
0.000103074278976897
0.00119857778860455
9.74161162698619e-05
0.000168987043017854
9.59074579263117e-05
0.00775454392233655
0.000153008361458888
0.000113317426014057
0.000103074278976897
0.000169348495412899
0.00027813971005575
0.000153008361458888
9.61341921603337e-05
0.000168987043017854
0.00119857778860455
0.000902471431336304
0.000902471431336304
9.59074579263117e-05
0.000902471431336304
0.00119857778860455
0.000684322228685452
0.00119857778860455
0.00119857778860455
0.000113317426014057
9.5624903051512e-05
0.000112077771410367
0.00211593319371179
0.000174507381255524
0.00211593319371179
0.00775454392233655
0.00211593319371179
0.00211593319371179
0.00211593319371179
0.00211593319371179
0.000902471431336304
0.000128834491106976
0
3.7268223243119e-05
0.00211593319371179
0.000174507381255524
0.000902471431336304
9.98597713506567e-05
0.000174507381255524
9.92761889776768e-05
0.00211593319371179
0.00211593319371179
0.00211593319371179
0.00211593319371179
0.00211593319371179
0.000174507381255524
0.00211593319371179
0.00010043574177438
0.000103074278976897
0.00211593319371179
0.000536424773230461
0.00211593319371179
0.00211593319371179
0.00211593319371179
0.00303699363900743
0.00211593319371179
0.00211593319371179
0.00211593319371179
0.000603149226310416
0.000603149226310416
9.73936816083857e-05
0.00211593319371179
0.00268772283945261
0.00268772283945261
0.000174507381255524
0.000536424773230461
0.00211593319371179
0.000902471431336304
0.000213681986021492
0.00303699363900743
0.00211593319371179
0.000112092077015928
0.000113072381865542
0.00211593319371179
0.00010563324160654
9.59160889428543e-05
0.00620584412589132
0.00211593319371179
0.000105551094285486
0.000100280429974215
0.000902471431336304
0.000112092077015928
9.58864423132878e-05
0.000140625313247347
0.000105551094285486
0.00775454392233655
0.000536424773230461
0.000104631498516908
0.00211593319371179
0.000446970106824831
0.00211593319371179
0.000119700508297025
0.000169348495412899
0.00211593319371179
0.000902471431336304
0.000168987043017854
9.74161162698619e-05
0.000105333517457033
0.000278907985104832
0.000902471431336304
0.000278907985104832
0.000278907985104832
0.000308728852759493
0.000278907985104832
0.000168987043017854
0.000278907985104832
0.000278907985104832
0.000104569918296335
0.000104569918296335
9.5624903051512e-05
0.00176704510398881
9.74161162698619e-05
9.73936816083857e-05
9.56987757868995e-05
0.000112092077015928
0.000139408057496027
0.00176704510398881
0.000225430692326852
0.00176704510398881
0.000225430692326852
0.00249761995835959
0.000106308280460369
0.000278907985104832
0.000225430692326852
0.000112308254020161
0.00176704510398881
0.00176704510398881
0.00176704510398881
0.000278778727106485
0
3.50699425496161e-05
0.00196845701735276
0.000151782007090866
0.000233105730674016
0.00196845701735276
0.00196845701735276
0.000225430692326852
0.000446970106824831
0.000225430692326852
0.000225430692326852
0.00775454392233655
0.000143902808412055
0.000225430692326852
0.000225430692326852
0.000207400269221314
0.000193256216979883
0.000104569918296335
0.00775454392233655
0.00116084963530652
0.00116084963530652
0.00116084963530652
0.000102371579490948
0.00116084963530652
0.000108081535045197
0.000691733624021676
0.00016516120343733
9.65424799299657e-05
0.000397349354678701
0.000534658120928397
0.000113317426014057
0.000534658120928397
0.000100409552168622
0.00068906754118129
0.000691733624021676
0.00116084963530652
0.000270992125284883
0.000104569918296335
0.000397349354678701
9.59353398731485e-05
0.000691733624021676
0.000691733624021676
0.00010043574177438
9.60269056583732e-05
0.000107537807286512
0.000747635614963191
0.0172396335293431
0.000153071748524327
9.67999961463677e-05
0.00016216263399341
9.5624903051512e-05
0.00116084963530652
0.000719017808221603
0.00196586482223375
0.000210848092957321
0.000299179615001323
0.00116084963530652
0.000719017808221603
0.000210848092957321
0.000691733624021676
0.000691733624021676
0.000691733624021676
0.000691733624021676
0.0225792782051132
0.000395589747348494
0.00067066195533465
0.000106308280460369
9.69751414163543e-05
0.000128891092028651
0.000691733624021676
0.000112092077015928
9.59156646225291e-05
9.8455665389094e-05
0.000902471431336304
0.00116084963530652
0.000691733624021676
9.61341921603337e-05
0.000104519232389949
0.00134147420333609
0.000712945239991424
0.000691733624021676
0.000104519232389949
9.70698408877541e-05
0.00010563324160654
0.00158114713301509
0.000534774481825841
0.000534774481825841
0.000913906595707741
0.000308728852759493
0.000117621031702106
0.000534774481825841
0.00127943380636154
0.00155639162243208
0.000534774481825841
9.5624903051512e-05
0.000446970106824831
9.69751414163543e-05
9.69751414163543e-05
0.000117621031702106
0.000534774481825841
0.000534774481825841
0.00047999216397804
0.000177250599311464
0.000534774481825841
0.000534774481825841
9.61341921603337e-05
0.00047999216397804
0.000122232467004466
0.000177250599311464
0.000122232467004466
0.000177250599311464
0.000177250599311464
9.86119386158653e-05
0.00047999216397804
0.00027813971005575
0.000395589747348494
0.000534774481825841
0.00047999216397804
0.00047999216397804
0.000104519232389949
0.000109161590628421
0.000534774481825841
0.00044707672299339
0.000534774481825841
0.000534774481825841
0.000152013214112837
0.000534774481825841
0.00044707672299339
9.84907724395549e-05
0.00044707672299339
0.000633538198188634
0.000126925816540466
0.00044707672299339
0.000534774481825841
0.000159455702457784
0.000913906595707741
9.83418009922901e-05
0.000534774481825841
9.84907724395549e-05
9.59156646225291e-05
0.000534774481825841
0.000534774481825841
0.000133008319635814
0.000534774481825841
0.000534774481825841
0.000534774481825841
0.000534774481825841
0.000913906595707741
0.000203118167029678
0.000534774481825841
0.000109161590628421
0.000299179615001323
9.84907724395549e-05
0.000534774481825841
0.000534774481825841
0.000308728852759493
9.96811280085288e-05
0.000534774481825841
0.00044707672299339
0.000203118167029678
0.00137722389088486
0.00137722389088486
0.000167123375112608
0.000534774481825841
0.00027813971005575
0.000151782007090866
0.000534774481825841
0.0124413424926694
0.000112092077015928
0.00137722389088486
0.000159455702457784
0.000571108153260561
0.000571108153260561
0.000167013637100924
0.0142389396591225
0.000148710254341178
0.000104569918296335
0.00010796363639407
0.000571108153260561
0.0142389396591225
0.00137722389088486
0.000571108153260561
0.000112960893597677
0.000112960893597677
0.000571108153260561
9.61341921603337e-05
0.000571108153260561
0.000571108153260561
0.000634199876596028
0.00027813971005575
0.00137722389088486
0.00019532431599455
0.00019532431599455
0.00019532431599455
0.000102710380596451
0.000142836197806883
0.00137722389088486
0.00137722389088486
0.000112092077015928
0.00137722389088486
0.000100280429974215
0.000902471431336304
0.000742130453429293
0.000684322228685452
0.000373240391881358
0.00137722389088486
0.000100280429974215
0.000114910344550004
0.00027813971005575
0.00137722389088486
0.000105471972265268
0.00137722389088486
0.000373240391881358
0.00137722389088486
0.00137722389088486
0.00137722389088486
0.00137722389088486
0.000373240391881358
0.000385548035684826
0.000151782007090866
0.00012375934476063
0.000132522310157633
0.000113262246625379
0.00137722389088486
0.000446970106824831
0.000117216483196618
0.000373240391881358
0.000114910344550004
0.000114910344550004
0.000373240391881358
0.000100409552168622
9.74161162698619e-05
0.000114910344550004
0.00137722389088486
0.00227219714466258
0.000114910344550004
0.000107537807286512
0.000126953369916719
0.000299179615001323
9.80751072002909e-05
0.000118764220931665
0.000104631498516908
0.00137722389088486
0.00137722389088486
0.000104631498516908
0.00137722389088486
9.96811280085288e-05
0.000373240391881358
0.000114910344550004
0.00137722389088486
0.000373240391881358
0.00137722389088486
0.000373240391881358
0.000331924373382222
0.000100409552168622
0.00137722389088486
0.000373240391881358
0.000105333517457033
0.000373240391881358
0.000373240391881358
9.69751414163543e-05
0.00010563324160654
0.00137722389088486
0.00137722389088486
0.000373240391881358
0.000109289426968507
0.000373240391881358
0.000373240391881358
0.000118764220931665
9.67804458776488e-05
0.000373240391881358
0.000373240391881358
9.87150355333351e-05
0.000736446548038541
0.000114245292705452
0.00137722389088486
0.00137722389088486
0.000114910344550004
0.000373240391881358
9.59156646225291e-05
0.00137722389088486
9.61341921603337e-05
0.000373240391881358
0.00137722389088486
9.61341921603337e-05
0.000100280429974215
0.000320518274341482
0.00137722389088486
9.6937851643943e-05
0.00137722389088486
0.000112092077015928
0.000114910344550004
0.00137722389088486
9.59353398731485e-05
0.000114910344550004
0.000112092077015928
0.00010563324160654
0.00137722389088486
0.000373240391881358
0.000114910344550004
0.000143902808412055
0.000164979604528828
0.000373240391881358
0.000104569918296335
0.00137722389088486
0.000114910344550004
0.000373240391881358
0.000104569918296335
0.000397349354678701
0.000373240391881358
0.000308728852759493
0.000167123375112608
0.000168987043017854
0.000114910344550004
0.000439233912932633
0.000134267990431363
0.000114910344550004
0.000100409552168622
0.000134393919311087
0.000213681986021492
0.000114910344550004
0.00018547208304678
0.000291439415123847
0.000102735317507518
0.000157177605112734
9.92761889776769e-05
0.000114910344550004
0.00027813971005575
0.000291439415123847
0.000455633928345413
0.000134393919311087
9.87706988426894e-05
0.000119079621882399
9.59074579263117e-05
9.74161162698619e-05
9.67804458776488e-05
0.000501745001233535
9.92761889776769e-05
0.000119300450737531
0.000213681986021492
0.000119038960521721
9.55911875743765e-05
0.000100280429974215
9.72992055417476e-05
9.77092424090484e-05
9.72992055417476e-05
0.00016516120343733
0.00010563324160654
0.000209784553358639
9.77092424090484e-05
0.000104569918296335
9.89232938326421e-05
0.000209784553358639
9.94977955808374e-05
0.000103074278976897
0.000428058846069614
9.60269056583732e-05
9.61341921603337e-05
0.000104519232389949
0.000113317426014057
0.000990741720908001
9.72992055417476e-05
9.94977955808374e-05
9.94977955808374e-05
0.000103074278976897
0.000151782007090866
0.000126925816540466
0.000102405529216444
9.8404635447345e-05
0.000105333517457033
0.000101538237296285
9.7386768952173e-05
0.000133363075056606
0.000158214870580306
0.000158214870580306
0.000428058846069614
9.74161162698619e-05
0.000128065821637765
0.000119700508297025
0.000119700508297025
0.000184232472842826
0.000103968788411043
0.000158214870580306
0.000161860006644298
0.000154063054789281
0.00017022427575512
0.000128065821637765
0.000125357012637751
0.000172165087251893
0.000128065821637765
0.000104569918296335
0.000128065821637765
9.88045193098996e-05
0.000100280429974215
9.88045193098996e-05
0.000154063054789281
0.000158214870580306
0.000158214870580306
0.000158214870580306
0.000158214870580306
0.000128065821637765
0.000158214870580306
0.000133363075056606
0.000158214870580306
0.000133363075056606
0.000112960893597677
0.000158214870580306
0.000158214870580306
0.000103074278976897
0.000158214870580306
0.00016516120343733
0.000158214870580306
0.000159214586799164
0.000158214870580306
0.000112092077015928
0.000154063054789281
0.000158214870580306
0.000158214870580306
0.000158214870580306
9.88045193098996e-05
0.000112092077015928
0.000128065821637765
0.000158214870580306
0.0172396335293431
0.000158214870580306
0.000158214870580306
0.000128065821637765
9.74161162698619e-05
0.000158214870580306
0.000158214870580306
0.000154063054789281
0.000158214870580306
0.000154063054789281
0.000158214870580306
0.000128065821637765
9.8075107200291e-05
0.000104730318236158
0.000154063054789281
0.000158214870580306
0.000126925816540466
0.000383365496254105
0.000158214870580306
0.000158214870580306
0.000107890883600277
9.79407492473883e-05
0.000105333517457033
0.000158214870580306
9.5624903051512e-05
0.000213681986021492
0.000158214870580306
0.000158214870580306
0.000114296049148282
0.000110718621715573
0.000158214870580306
0.000158214870580306
0.000151131451008831
0.000158214870580306
0.000158214870580306
0.000158214870580306
0.000158214870580306
0.000154063054789281
0.000114296049148282
0.000114296049148282
0.000213681986021492
0.000213681986021492
0.000158214870580306
0.000158214870580306
0.000158214870580306
0.000233105730674016
9.59353398731485e-05
0.000158214870580306
0.000158214870580306
0.000158214870580306
0.000158214870580306
0.00016516120343733
0.000535347619978442
0.000158214870580306
0.000158214870580306
0.000158214870580306
0.000158214870580306
0.000158214870580306
0.00012375934476063
0.000158214870580306
0.000105116634495474
0.000104730318236158
0.000215063116907865
0.000158214870580306
0.000128891092028651
0.000158214870580306
0.000158214870580306
0.000136452379988618
0.000158214870580306
0.00027813971005575
0.000158214870580306
0.000383365496254105
0.000158214870580306
0.000158214870580306
0.000158214870580306
0.000104569918296335
0.000100501761543373
0.000136452379988618
0.000151782007090866
0.000100501761543373
0.000105471972265268
0.000133366225735266
0.000158214870580306
9.72388509354589e-05
9.69751414163543e-05
0.000131214141932116
0.000158214870580306
0.000158214870580306
0.000121990032303311
9.72388509354589e-05
0.000104519232389949
0.000158214870580306
9.8075107200291e-05
